M     357     39.0    20.25
M     980     40.0    20.25
M     756     40.0    10.25
F     356     40.0    20.00
F     411     37.0    20.25
F     587     42.0    15.75
M     542     40.0    15.75
F     167     42.0    20.25
F     573     40.0    15.75
M     614     38.0    20.25
F     775     40.0    15.75
M     800     40.0    15.75
F     185     40.0    15.75
F     699     40.0    15.75
F     235     40.0    15.75
M     604     40.0    15.75
F     316     40.0    20.25
M     788     40.0    15.75
M     537     39.0    15.75
M      50     38.0    10.25
F     270     38.0    20.25
M     645     40.0    20.25
M      67     42.0    15.75
F     544     40.0    15.75
F     870     38.0    20.25
M     790     38.0    10.25
M     754     38.0    20.25
F     501     39.0    10.25
F     287     42.0    15.75
F     272     40.0    25.00
M      71     37.0    20.25
F     153     40.0    10.25
M     636     40.0    15.75
M     607     42.0    10.25
F     758     40.0    20.25
F     595     40.0    20.25
M     177     39.0    15.75
M      16     60.0    24.25
F     974     38.0    15.75
M     610     38.0    10.25
M     265     40.0    10.25
F     992     40.0    15.75
M     659     40.0    10.25
M     836     40.0    20.25
M     657     39.0    20.25
F     139     40.0    10.25
M     277     39.0    15.75
F     408     30.0    25.75
F     403     43.0    20.25
F     166     40.0    20.25
M     831     37.0    10.25
M     854     38.0    15.75
F     973     40.0    10.25
M     293     40.0    20.25
F     497     39.0    15.75
F     778     40.0    20.25
M     712     40.0    20.25
M     135     40.0    20.25
F     438     40.0    10.25
M     333     40.0    15.75
M     321     39.0    20.25
M     950     38.0    10.25
F     324     40.0    15.75
M     275     40.0    25.75
M     934     38.0    15.75
M     149     40.0    10.25
M     799     40.0    20.25
F     563     43.0    10.25
F     262     40.0    10.25
M     931     37.0    15.75
M     882     40.0    20.25
M     387     42.0    20.25
M     954     38.0    15.75
F     618     40.0    20.25
M     792     40.0    15.75
F     472     40.0    10.25
M     789     40.0    15.75
M     859     40.0    15.75
F     187     42.0    20.25
F     502     40.0    15.75
M     961     39.0    15.75
M      45     40.0    20.25
F     211     37.0    20.25
F     808     40.0    20.25
M     635     40.0    15.75
F     546     40.0    20.25
F     450     38.0    15.75
F     897     39.0    20.25
F     399     40.0    20.25
M     804     40.0    20.25
M      87     25.25   37.00
M      67     42.00   32.25  